552
976
576
194
745
656
757
772
681
587
300
945
474
718
666
213
827
837
697
81
893
553
332
511
761
71
287
541
705
140
123
437
836
149
795
894
473
887
26
436
97
511
542
568
199
950
835
733
52
750
471
817
969
735
575
71
35
974
185
25
551
481
545
951
646
411
567
548
431
60
579
569
109
126
656
699
860
548
93
286
377
575
545
548
269
342
593
638
646
463
305
90
103
855
479
854
929
821
353
379
343
852
963
548
30
630
987
780
84
563
16
612
355
35
551
424
709
258
958
355
507
665
243
766
944
505
355
26
207
478
963
285
639
305
698
231
262
342
929
373
852
22
20
449
452
45
969
644
368
537
667
513
899
454
748
957
612
954
436
238
196
696
476
787
16
481
212
616
884
128
209
7
394
394
917
102
841
228
973
716
459
593
58
862
723
671
25
486
864
832
607
262
111
737
941
483
773
595
724
34
491
379
924
763
535
468
891
673
311
90
945
845
239
155
384
737
48
442
31
963
951
738
864
189
777
85
454
583
307
836
44
491
819
249
207
326
885
773
857
581
570
415
641
229
973
88
595
813
909
256
924
510
553
301
722
87
728
250
903
472
98
298
549
904
632
451
314
950
904
512
903
550
570
900
88
283
265
675
664
220
709
778
9
573
958
331
60
968
350
451
57
440
644
794
328
902
976
717
914
846
57
425
827
779
849
653
783
461
682
751
368
238
299
863
156
54
585
329
130
9
432
812
557
404
668
296
92
472
407
449
358
246
750
511
268
39
571
317
974
977
597
761
401
948
495
816
329
86
22
464
198
713
298
42
949
780
327
556
590
341
299
739
599
417
617
367
929
867
635
850
627
472
494
100
192
97
991
1000
33
740
278
189
859
786
242
999
636
349
975
592
184
11
617
108
166
413
643
212
916
437
59
422
620
994
755
323
844
381
883
771
979
217
755
679
916
160
589
944
456
176
893
623
612
701
999
993
133
208
871
983
158
452
173
297
922
660
810
40
839
943
253
825
470
224
397
798
36
502
139
498
316
43
451
528
337
257
90
267
785
18
610
413
728
123
525
186
790
125
540
954
175
265
705
654
645
31
264
264
952
832
173
127
30
863
701
951
926
757
601
745
720
216
114
234
387
20
299
292
621
165
419
800
524
126
26
661
63
256
584
984
750
271
719
490
414
590
623
164
315
542
486
422
794
63
569
606
929
531
163
3
87
367
169
309
994
514
499
483
734
343
987
90
250
530
71
230
777
137
417
499
996
133
909
572
143
721
479
512
391
595
582
746
364
66
758
396
234
5
551
299
477
610
294
223
722
195
195
757
235
503
476
857
487
126
45
113
582
745
716
252
385
519
746
962
732
470
514
829
474
322
545
430
855
251
319
60
68
68
952
111
735
971
525
558
926
681
648
557
444
178
273
118
751
717
980
750
361
186
803
629
345
518
733
725
804
588
137
762
483
834
697
818
920
843
590
191
927
864
424
154
385
895
245
86
116
360
207
891
607
816
868
24
847
887
185
157
74
170
26
375
987
899
226
645
409
317
668
582
557
740
234
258
673
845
837
907
521
306
847
383
565
204
769
865
655
195
904
428
177
420
562
672
402
300
922
91
70
513
759
622
183
525
854
724
180
546
249
344
185
716
516
183
874
361
645
948
540
370
426
878
949
761
571
775
197
852
595
86
471
994
13
186
929
182
822
939
53
353
645
838
741
580
679
167
209
407
963
823
583
836
328
710
665
560
331
516
976
943
494
861
749
788
465
831
201
365
397
45
504
724
28
848
421
831
686
371
175
152
841
46
109
128
136
332
727
958
915
920
102
6
168
431
340
942
407
719
499
157
806
923
718
674
646
298
460
286
745
154
101
483
566
808
947
546
940
312
359
174
983
510
858
521
974
166
47
746
287
77
562
384
705
160
376
457
865
237
728
123
626
923
391
995
944
500
634
177
970
1000
302
278
617
871
245
252
572
671
633
990
77
556
597
380
153
292
780
634
52
343
184
176
954
165
847
412
183
156
390
874
420
577
133
429
462
957
548
534
984
721
662
503
105
970
986
464
878
282
859
16
376
842
864
871
437
553
530
187
777
1000
858
684
282
558
370
455
329
521
880
256
842
602
747
51
362
826
365
290
964
782
23
870
447
13
805
191
736
699
179
528
634
357
480
697
444
887
669
464
135
639
903
726
135
519
675
153
124
668
574
555
604
928
643
917
209
901
232
902
642
411
219
769
732
39
280
483
944
520
942
839
328
646
749
999
12
335
946
312
222
436
640
807
930
592
8
978
340
616
737
545
335
90
261
816
245
614
826
689
779
572
465
884
283
739
428
260
407
410
430
771
3
32
193
624
893
847
653
55
137
390
378
598
974
117
390
713
938
909
762
912
431
675
861
830
126
287
494
379
703
314
705
215
468
709
856
904
92
208
400
805
808
395
150
116
396
927
220
203
481
283
606
770
472
404
773
983
745
673
706
704
586
149
714
976
152
648
475
70
78
120
722
335
953
149
819
242
939
285
762
950
922
548
113
525
651
900
673
529
29
901
55
825
637
193
687
591
194
656
719
315
184
744
746
318
992
539
811
942
470
827
813
753
193
843
710
852
162
281
846
985
115
349
986
95
497
49
932
104
374
45
14
736
446
7
730
398
751
317
265
295
790
257
732
834
284
987
485
905
796
399
870
168
272
310
404
336
50
211
228
389
240
186
479
526
251
885
198
97
655
950
776
304
85
185
113
374
52
345
729
434
9
847
590
847
336
146
443
839
996
941
695
939
72
419
781
236
632
284
313
836
965
46
754
768
248
493
701
90
758
815
955
989
589
169
371
407
983
253
612
750
386
721
874
463
313
527
871
645
210
37
971
622
675
96
522
312
541
405
486
677
610
391
108
750
889
658
200
545
667
461
739
194
304
953
250
350
345
620
3
879
73
52
560
1000
95
807
118
287
710
675
974
88
63
147
490
474
780
324
27
857
283
423
883
220
658
997
138
643
680
716
967
301
879
613
311
461
263
130
537
948
780
890
759
713
813
746
315
322
418
663
584
754
467
582
635
112
402
926
735
799
111
37
858
64
589
646
434
52
714
958
369
433
158
984
39
61
322
974
998
349
345
399
481
814
158
252
779
834
392
865
677
257
565
679
411
374
316
15
250
17
357
720
923
114
496
154
443
861
907
276
749
221
254
571
231
820
318
135
145
912
818
869
88
366
575
419
644
760
409
170
843
785
962
491
622
760
899
832
860
610
221
886
639
254
742
704
778
29
199
538
825
732
943
355
262
921
541
54
335
896
585
356
825
640
8
345
75
596
217
555
751
736
754
835
267
22
44
756
728
974
711
992
599
678
49
108
311
452
802
615
908
341
418
494
873
236
428
511
856
9
635
306
273
191
702
631
320
694
539
958
827
104
445
430
432
767
65
84
239
89
934
567
942
312
508
546
179
201
164
244
710
875
198
699
376
519
473
504
328
828
772
111
566
731
9
185
488
433
354
136
115
156
32
471
377
483
766
706
959
657
175
227
599
413
198
501
544
523
211
561
137
464
443
391
944
12
945
874
732
820
38
668
770
943
44
943
864
217
507
369
424
101
345
267
403
290
59
778
206
824
474
484
943
624
368
918
122
697
894
492
407
664
458
337
631
937
334
149
867
726
959
729
279
887
509
260
665
51
323
173
975
8
560
693
891
540
895
867
464
77
678
29
746
655
125
136
669
966
360
825
895
663
946
323
82
756
906
771
379
831
758
681
392
952
429
240
96
240
211
703
111
644
545
509
331
205
24
463
388
754
310
320
670
168
757
253
199
891
890
576
632
890
967
571
817
750
778
476
82
602
716
996
532
943
701
337
440
754
996
529
136
670
144
330
616
768
397
799
163
143
22
656
204
497
949
53
112
829
703
335
254
675
648
709
362
928
58
206
160
853
745
911
129
837
588
185
86
529
752
891
913
191
185
272
835
536
116
256
808
731
740
905
87
619
952
698
641
332
982
627
220
336
398
813
153
638
559
182
181
914
552
439
951
692
380
532
78
530
225
784
661
639
751
781
302
18
143
778
695
16
231
587
939
930
941
728
135
12
726
927
737
103
246
686
468
933
882
554
765
962
82
131
257
776
60
326
198
143
347
11
580
295
589
311
968
846
889
500
299
451
670
483
722
254
781
285
439
826
431
26
959
427
651
806
382
817
681
768
873
216
855
581
374
720
408
869
90
539
912
102
968
760
598
392
810
179
302
935
504
759
811
769
871
913
405
495
235
754
300
483
487
112
803
575
283
841
232
115
682
597
884
256
707
845
690
1000
1000
410
580
495
227
633
859
80
543
352
445
516
556
881
16
492
788
727
984
923
65
438
981
147
526
694
465
768
167
522
952
252
796
121
208
341
793
16
330
459
980
899
91
22
207
418
613
49
456
291
820
23
914
630
526
832
633
7
820
606
382
658
570
973
256
503
454
56
772
328
105
236
303
482
264
983
745
737
102
894
655
476
225
523
270
584
943
810
187
859
624
319
916
775
233
426
735
653
702
616
903
775
833
527
188
797
285
394
753
26
397
623
948
970
198
349
362
852
772
911
251
794
625
286
429
342
623
787
556
229
156
496
890
205
770
620
275
602
806
90
254
674
197
708
935
859
512
251
411
673
748
981
395
883
534
899
963
365
375
376
851
938
264
264
161
964
888
576
338
260
442
111
493
961
321
152
743
647
391
702
224
72
927
462
891
3
591
541
598
83
255
889
785
895
765
83
133
790
523
12
150
366
637
924
49
417
545
17
384
404
918
903
692
182
103
500
141
433
389
229
790
487
86
723
892
169
359
322
633
507
827
820
770
578
467
844
122
532
93
858
627
583
848
677
621
82
505
858
431
297
515
887
129
307
514
815
659
374
347
307
965
90
253
635
219
519
780
838
412
976
858
980
518
991
346
921
788
246
459
677
901
565
774
642
208
761
40
996
253
272
598
625
805
323
426
837
491
836
919
277
257
946
667
908
854
649
65
718
887
8
864
207
817
64
859
987
529
137
562
907
393
879
243
111
498
355
576
448
748
510
69
229
320
704
18
28
647
333
726
43
529
226
621
625
200
858
280
810
118
249
244
467
528
684
789
682
808
997
793
567
449
197
800
123
686
525
272
905
299
293
305
362
746
122
380
89
114
15
856
343
729
193
970
916
156
264
453
203
307
138
804
918
356
583
959
504
672
14
616
227
844
769
846
959
348
801
150
613
325
370
384
344
479
103
694
453
885
153
734
690
684
568
41
421
639
839
396
299
246
278
116
155
747
259
475
593
674
948
309
136
216
452
93
366
948
679
528
445
543
900
226
551
297
578
932
511
835
386
745
718
431
780
173
266
920
878
917
636
303
868
560
668
605
37
181
990
528
1
38
794
372
24
262
730
134
301
582
663
162
804
344
980
175
143
987
704
816
405
955
493
817
484
810
489
161
599
306
851
920
480
82
72
713
301
558
427
963
482
623
415
506
535
314
951
515
930
814
610
821
154
624
204
211
886
375
963
12
114
328
739
986
369
561
146
151
288
265
866
623
225
665
484
963
591
244
830
637
847
543
933
826
307
156
16
768
656
886
506
935
78
578
511
44
678
196
992
658
839
840
173
924
214
8
579
251
112
903
912
922
207
566
660
301
122
325
298
349
570
116
715
686
333
304
138
670
469
706
380
115
257
857
768
372
168
862
132
114
537
691
281
543
43
700
506
200
80
705
196
324
340
841
651
300
752
109
72
438
372
128
407
383
145
901
645
142
748
823
515
60
404
903
290
195
510
867
611
606
230
767
863
953
954
900
600
976
806
531
715
568
252
569
774
848
125
84
228
865
146
171
540
26
528
742
442
404
434
60
159
723
654
980
426
987
429
406
838
593
796
75
784
680
442
54
526
822
15
214
572
969
224
862
650
381
527
857
124
88
145
307
956
590
268
665
727
45
382
895
631
481
121
542
701
484
619
727
52
744
751
109
730
934
395
79
480
396
469
573
165
381
163
505
70
719
552
284
343
839
151
257
661
553
837
895
719
949
190
669
137
102
52
839
632
503
824
626
914
106
200
414
45
79
235
788
101
412
895
866
365
413
693
417
585
345
576
850
153
735
226
303
477
568
674
704
496
715
736
182
453
553
25
49
979
742
396
847
828
618
565
575
375
780
291
714
698
827
123
40
607
480
137
181
501
552
663
699
723
424
281
131
913
194
545
121
89
987
187
216
516
392
60
773
349
381
929
227
226
59
165
279
797
448
996
798
887
59
741
481
415
207
513
681
533
37
900
140
709
214
966
851
866
207
304
93
761
142
806
388
533
890
748
339
587
714
858
208
493
552
713
922
580
545
868
437
506
429
870
514
870
140
664
456
319
334
16
333
578
479
918
240
635
750
410
110
446
675
987
573
769
924
79
605
16
186
874
591
713
199
953
232
372
647
333
986
817
362
244
641
922
102
911
736
813
981
728
387
495
372
745
917
459
655
353
320
557
605
240
659
836
766
72
583
344
82
897
570
569
688
328
497
680
195
313
644
974
448
889
498
725
138
213
422
662
750
163
933
725
499
158
376
712
419
176
115
627
327
740
280
954
321
707
549
905
540
34
897
37
506
546
996
142
517
649
68
697
517
371
758
709
717
563
551
621
239
814
169
577
201
810
129
707
104
983
869
156
991
765
589
793
366
525
443
388
646
43
844
505
211
878
218
881
72
223
489
168
427
261
739
870
458
676
303
695
907
71
303
428
499
373
804
215
688
370
920
917
9
293
223
755
363
735
440
447
287
545
13
272
865
570
721
591
14
755
866
102
643
241
129
911
961
733
386
282
734
52
730
166
60
832
182
254
950
488
644
659
135
269
714
450
286
284
724
50
667
868
989
862
360
409
214
967
268
841
967
803
656
537
288
133
506
161
398
378
66
309
650
617
6
740
855
172
568
65
937
897
970
714
750
179
700
206
485
733
207
520
180
679
297
136
208
990
984
664
101
424
649
95
311
920
426
137
488
926
772
644
688
473
61
143
611
316
742
135
297
172
566
994
550
1000
259
262
665
31
190
581
429
259
987
244
648
769
106
925
78
422
270
267
20
245
740
69
866
742
714
814
635
803
612
56
366
750
188
350
60
532
919
909
494
845
610
659
666
184
837
299
67
406
238
977
747
755
885
937
482
912
766
482
878
639
253
540
439
206
577
41
148
800
575
361
337
996
497
608
673
533
469
299
816
819
981
580
734
712
356
39
517
224
121
780
761
140
860
730
783
391
816
403
93
481
982
992
119
160
166
502
574
601
877
926
88
542
229
110
355
5
776
236
707
650
31
479
100
20
642
368
826
270
292
540
751
712
86
752
814
230
313
429
711
938
8
497
845
707
136
660
60
92
17
765
18
59
678
362
310
54
942
928
814
937
993
982
531
114
785
506
905
619
926
233
603
460
542
864
567
611
449
760
438
570
77
357
713
845
460
526
530
541
602
65
696
767
355
33
823
686
796
659
621
191
833
440
339
426
478
486
23
531
645
424
604
420
419
911
29
488
315
383
766
328
770
31
101
167
407
186
582
370
89
501
239
378
35
14
588
207
102
148
73
545
664
251
614
416
301
641
174
29
972
57
496
450
222
457
727
637
29
896
593
264
504
994
704
375
883
582
579
193
239
186
824
272
864
990
537
368
347
395
736
906
893
949
647
531
719
841
692
785
860
849
289
581
353
150
27
205
97
640
747
241
459
601
53
364
254
853
538
683
674
586
156
678
911
773
788
202
826
503
96
525
409
930
555
92
94
463
361
882
760
427
427
719
710
572
174
653
98
197
903
239
917
541
714
463
655
339
718
644
309
47
118
565
223
968
982
163
392
521
31
579
586
537
978
524
160
641
820
630
413
841
822
502
80
296
518
447
584
322
179
123
63
773
962
789
635
955
969
210
258
773
960
537
859
180
727
619
642
225
394
233
16
978
435
759
388
509
665
365
673
681
357
915
436
468
337
824
508
241
88
256
986
505
932
485
138
25
690
265
983
268
738
477
729
578
741
624
889
798
665
941
119
498
69
898
509
57
883
269
595
896
269
327
276
282
209
842
757
156
748
514
345
671
175
334
523
275
672
62
770
538
350
857
736
477
285
581
422
442
627
851
76
252
192
405
439
79
364
775
209
671
592
422
684
333
545
488
44
927
799
857
851
934
460
193
715
245
352
308
280
219
173
325
489
198
583
633
871
792
980
956
1000
893
43
576
985
279
342
23
754
928
295
186
968
848
39
17
962
467
584
288
957
790
96
89
30
459
618
409
394
78
789
31
303
522
376
592
180
254
958
211
157
992
438
203
67
99
952
921
914
124
7
660
140
77
32
562
443
303
622
599
397
659
942
661
384
490
609
335
943
732
634
306
684
788
500
387
603
24
712
748
123
498
352
582
978
288
44
613
10
787
619
527
781
312
609
151
358
801
497
90
292
868
590
746
117
63
426
825
535
886
370
412
669
219
558
31
188
124
544
940
106
181
896
805
870
937
591
135
804
535
97
125
466
466
391
501
917
720
832
859
43
795
503
133
562
191
823
227
706
146
325
732
18
407
723
226
761
705
238
921
337
386
906
517
960
53
206
546
172
739
289
999
68
352
781
592
657
297
123
519
521
65
217
36
552
377
578
685
475
545
774
325
235
51
498
58
594
536
118
828
421
841
643
583
512
762
78
241
888
391
141
920
446
96
330
625
904
214
206
794
460
327
564
297
762
177
866
558
482
668
55
480
600
840
753
540
631
823
722
97
188
643
825
571
122
546
42
57
351
62
322
554
502
447
513
173
821
100
195
465
809
762
872
11
105
13
538
463
947
46
42
462
718
320
345
95
57
599
662
711
333
228
471
409
484
603
267
393
260
247
748
462
503
207
39
657
648
820
554
702
584
164
693
533
428
675
491
821
479
393
838
294
604
946
121
54
469
370
153
422
688
895
138
162
516
253
981
916
793
494
358
310
310
679
579
730
830
877
187
133
148
484
313
436
998
616
380
387
763
351
917
237
622
759
413
540
994
159
146
960
598
238
353
233
265
468
915
488
272
790
189
643
251
243
454
241
970
29
424
36
221
257
968
743
624
973
394
732
498
386
93
303
28
836
444
771
870
772
115
894
796
97
469
869
945
726
321
783
960
604
774
85
998
303
955
608
202
430
380
571
938
9
857
17
554
798
855
317
39
657
922
445
249
838
457
721
642
513
776
543
201
886
717
835
441
369
135
914
485
457
466
675
610
593
842
633
987
633
232
657
953
187
456
802
153
873
482
521
681
829
662
73
318
871
817
733
756
655
101
718
262
51
530
257
19
887
626
733
220
922
422
343
500
778
811
211
286
181
677
214
784
806
441
668
943
265
557
240
386
105
769
596
226
310
330
22
969
175
968
738
935
892
258
92
95
796
994
258
495
80
953
449
293
615
265
84
556
857
489
855
790
445
984
440
412
112
12
652
146
489
351
850
272
7
57
428
999
259
454
29
758
277
587
726
222
626
642
464
652
778
226
138
276
822
116
979
380
584
622
106
432
890
446
687
978
419
426
736
580
864
775
711
639
917
1
288
771
51
22
983
932
459
921
834
943
135
708
191
503
249
591
993
465
449
896
880
501
572
669
72
787
906
575
909
167
135
627
779
219
703
166
791
644
884
810
915
54
379
605
47
777
102
273
98
615
431
131
608
317
922
52
750
379
72
394
685
23
141
832
890
945
953
440
959
68
89
370
723
734
989
296
247
276
664
386
506
544
647
807
629
252
715
42
905
202
265
705
724
741
731
201
936
543
35
993
265
746
120
973
673
664
680
983
165
190
817
919
425
168
788
164
201
306
43
421
199
29
370
672
964
469
64
263
60
163
784
96
656
621
563
595
575
452
615
220
97
894
259
869
945
892
466
778
588
764
394
197
286
534
200
750
256
918
532
693
636
84
616
436
542
460
976
393
31
695
292
791
320
409
695
906
873
692
257
81
945
783
691
369
883
115
883
776
642
455
337
873
825
173
426
334
507
894
108
267
894
783
75
283
98
840
803
47
464
326
829
464
491
381
963
113
957
53
168
867
208
657
822
116
684
33
731
940
439
206
156
738
228
415
230
638
549
81
690
531
88
680
809
575
761
242
681
299
569
817
905
675
63
729
597
477
417
740
534
524
622
18
728
171
523
900
380
699
338
622
78
765
969
598
840
299
272
838
474
55
466
724
306
33
188
706
17
738
376
325
470
174
749
775
826
552
747
535
677
357
818
790
941
338
857
578
529
451
678
239
131
462
440
238
450
205
630
796
984
495
592
834
625
115
922
577
214
756
301
284
334
413
298
821
702
163
386
448
761
131
173
161
156
98
123
956
376
330
324
864
172
507
253
5
576
998
817
612
83
21
711
831
926
208
64
172
89
542
67
845
216
224
200
179
951
121
323
766
697
550
814
862
284
864
503
867
549
272
181
720
75
916
389
199
45
204
168
200
859
533
272
430
148
49
769
985
502
864
174
832
458
11
775
54
946
337
91
797
600
742
829
100
737
602
708
172
59
94
632
197
823
359
183
381
646
468
616
376
410
476
86
800
641
408
947
829
322
733
282
858
802
353
718
851
753
8
522
347
980
747
729
554
755
7
988
715
647
603
129
527
883
74
959
301
129
298
138
231
86
558
125
446
547
92
480
762
808
925
799
977
437
235
243
729
403
114
813
783
780
278
190
689
750
434
170
893
523
641
22
425
269
459
3
784
853
640
873
819
300
460
270
392
511
402
455
306
521
656
918
272
364
511
813
285
527
116
881
112
543
342
966
964
32
94
777
423
122
308
125
601
772
804
901
62
48
134
991
484
651
750
981
19
92
484
836
567
653
23
777
157
191
862
118
37
384
846
479
397
803
340
694
801
339
775
281
718
475
670
361
158
533
165
944
733
159
219
756
897
946
38
178
230
31
85
462
751
230
404
651
861
766
952
405
244
205
748
493
667
744
533
28
957
713
434
31
707
272
102
182
542
221
775
513
151
691
9
264
371
604
568
857
689
891
88
904
987
247
923
356
741
499
732
55
30
569
703
616
293
131
408
84
936
41
196
268
599
516
972
836
17
266
749
98
995
338
952
584
426
324
793
972
524
151
501
651
438
252
78
568
698
149
874
670
112
43
860
430
509
396
425
991
247
181
102
814
673
827
964
786
178
673
551
788
430
843
598
843
675
137
149
24
638
379
463
116
183
425
509
738
85
782
15
297
598
650
196
557
379
935
573
478
132
43
275
13
150
677
215
574
236
526
647
501
572
489
200
874
682
799
606
242
833
477
384
952
28
528
662
332
647
209
634
708
412
628
548
971
498
260
822
770
803
24
384
600
875
485
29
733
867
169
338
33
333
85
149
905
177
146
309
629
364
721
31
427
608
5
716
526
328
514
76
164
954
116
724
346
38
656
248
397
445
581
544
15
392
80
13
916
545
381
931
507
513
461
393
274
474
535
39
755
555
618
5
304
74
359
605
830
321
378
973
825
528
411
127
313
856
175
161
197
405
11
158
647
45
497
596
832
695
305
410
457
500
597
103
840
916
84
580
424
291
343
363
793
579
904
593
270
870
931
908
381
359
130
519
23
855
387
339
393
145
366
86
111
22
600
92
84
616
297
972
363
271
804
48
562
862
771
538
830
455
196
174
16
425
391
30
352
910
118
301
824
98
172
166
463
109
493
363
414
813
14
522
458
6
469
901
747
694
13
129
771
587
878
393
621
384
519
772
718
785
690
452
297
510
296
781
285
605
172
478
466
49
700
869
415
619
809
894
998
405
807
928
308
217
692
170
720
777
405
914
122
931
47
462
447
660
40
13
86
779
33
215
798
592
179
791
526
358
909
118
937
81
617
153
353
451
712
665
67
155
82
702
505
900
447
351
52
688
69
552
653
824
524
619
174
201
935
149
624
938
178
436
341
208
526
29
97
553
94
408
105
720
280
105
877
354
544
817
961
561
155
739
304
893
829
825
497
832
517
483
226
327
181
277
339
486
139
235
931
409
133
810
320
760
912
973
833
910
838
918
173
448
504
878
152
804
570
353
311
645
752
700
183
743
419
939
261
960
79
288
308
554
283
313
533
822
134
195
30
656
26
809
269
595
549
66
705
844
97
150
573
877
999
154
606
759
535
485
744
211
133
666
39
753
746
280
566
400
933
933
686
638
575
852
110
331
418
735
532
466
616
972
132
774
318
935
58
232
171
643
711
493
663
364
28
301
197
261
589
415
918
801
669
195
38
615
813
434
545
808
586
997
903
193
680
938
112
938
999
57
707
651
562
924
153
754
421
252
417
330
677
770
43
307
639
780
567
696
571
486
91
283
218
685
541
562
993
65
251
872
525
606
337
553
490
2
973
111
939
603
229
504
654
3
747
835
736
55
45
97
264
794
820
703
18
358
973
122
446
809
804
817
688
714
65
971
40
256
136
970
954
898
957
533
156
91
419
299
916
3
549
444
427
149
344
183
366
465
843
903
58
325
52
797
657
202
896
340
398
60
767
44
133
508
382
630
246
327
112
281
49
552
230
758
686
61
85
45
616
713
106
433
864
88
347
114
488
110
965
649
252
602
141
880
102
832
674
976
717
349
953
165
626
436
821
472
561
635
673
679
920
929
433
535
832
123
619
942
579
461
930
939
14
561
104
292
904
19
722
870
663
421
40
990
275
222
248
171
37
459
4
963
432
108
313
670
100
565
122
505
242
450
886
57
77
357
269
750
842
748
720
719
720
372
32
115
155
256
544
209
691
17
865
310
288
627
390
585
218
518
172
735
278
817
822
599
998
309
624
541
430
847
752
638
730
705
464
840
713
210
786
366
623
635
199
652
971
975
253
834
635
48
673
48
608
982
586
91
362
538
789
746
43
907
316
992
870
231
659
167
389
829
167
742
762
100
326
984
388
985
152
469
963
183
123
431
566
721
538
812
353
511
107
947
907
829
617
882
542
917
391
828
998
618
354
128
555
698
189
822
724
17
169
118
864
837
163
866
861
546
652
973
729
196
759
926
551
16
361
435
3
698
238
555
588
154
675
796
685
701
753
751
315
977
849
566
136
609
296
134
468
468
835
367
244
433
382
812
97
224
820
339
95
491
76
129
552
111
663
130
14
215
534
416
938
262
716
497
930
562
549
536
543
244
907
550
963
435
23
229
970
559
428
217
755
707
360
825
12
243
172
993
170
750
954
89
761
64
972
446
149
828
282
576
748
343
643
288
513
402
197
660
389
874
307
118
584
85
829
744
150
446
379
791
259
710
713
529
145
7
463
122
552
76
504
27
590
354
403
29
160
125
327
444
810
515
118
892
115
711
863
328
59
398
298
726
798
432
9
723
177
11
846
313
973
254
171
730
322
167
491
370
130
366
83
352
261
591
320
737
717
136
960
834
139
905
405
465
900
807
913
327
803
341
795
341
925
567
727
356
127
750
108
727
830
618
877
224
406
749
764
56
90
209
840
17
389
728
276
931
876
917
116
123
53
609
60
271
900
892
23
674
970
736
420
451
856
956
698
759
393
589
795
676
408
871
310
235
805
927
554
597
519
686
356
470
819
233
742
113
553
823
330
52
12
712
522
473
345
684
714
329
898
365
145
555
608
455
538
471
258
107
212
239
482
723
938
254
558
957
100
73
711
178
652
430
287
804
926
838
357
722
385
522
377
230
186
318
851
2
604
288
324
78
768
96
436
557
808
391
182
866
506
1000
767
871
454
631
770
398
747
695
113
385
890
377
592
399
415
481
354
771
750
923
951
86
374
421
671
236
564
771
467
123
19
453
837
282
614
192
346
865
954
926
600
318
627
912
608
391
294
730
260
178
621
723
783
798
378
981
241
785
755
117
245
491
698
950
726
227
901
498
713
726
538
851
20
750
791
673
237
820
200
342
441
153
292
836
239
109
693
602
557
304
188
432
645
821
262
495
346
945
271
9
779
157
977
410
169
70
280
594
90
819
863
727
944
482
359
699
435
47
310
763
865
172
232
12
576
591
922
460
874
940
403
114
575
810
239
306
357
347
740
296
641
399
208
219
540
38
602
854
317
605
122
509
721
87
964
204
111
153
953
465
956
411
300
796
371
486
77
128
79
395
856
759
700
609
951
573
230
349
893
949
198
320
472
956
798
123
678
475
55
293
104
239
539
83
115
97
249
912
958
995
772
289
800
361
899
865
668
882
820
128
557
672
948
654
112
701
840
620
759
785
653
157
890
683
968
753
764
641
878
949
202
224
764
777
427
699
857
196
939
899
431
671
932
313
402
86
774
27
444
229
596
109
911
265
257
575
621
259
578
552
887
791
283
936
853
32
224
257
432
842
266
98
477
206
799
484
77
758
889
169
443
204
486
912
620
961
369
674
818
138
325
723
18
964
805
246
482
120
147
292
552
521
89
936
856
228
947
245
106
776
459
582
998
570
254
28
890
37
223
98
390
415
171
548
488
492
147
581
382
532
687
326
486
826
840
215
441
453
155
739
125
952
659
906
248
833
44
564
149
771
223
971
653
764
451
81
950
552
763
784
265
363
549
82
687
767
925
876
192
946
994
275
591
810
655
720
269
296
907
873
533
595
694
641
23
632
63
850
851
639
367
449
574
569
189
612
111
518
84
261
157
76
706
915
149
689
519
204
879
65
480
388
188
877
722
454
257
836
971
697
325
876
949
319
164
461
670
892
134
856
709
974
966
504
762
231
67
160
76
989
828
575
410
905
216
563
682
921
462
408
964
927
948
424
444
340
630
311
404
127
231
6
508
309
683
128
300
799
616
945
453
612
20
504
486
667
883
563
821
502
547
413
548
634
933
135
675
476
643
316
14
643
481
497
184
98
859
963
646
102
282
315
923
386
982
429
756
685
317
783
366
496
227
170
523
165
69
25
744
837
858
625
4
305
518
734
473
386
103
849
542
862
515
608
132
56
778
876
634
163
442
30
39
721
622
436
232
809
984
758
811
86
206
949
475
855
36
31
637
735
448
893
103
541
736
249
923
358
744
390
67
288
823
37
289
808
444
851
100
523
301
436
328
3
469
549
348
542
487
59
800
407
251
459
141
173
676
177
362
957
561
855
43
337
55
399
142
153
988
466
880
461
659
935
666
392
706
595
576
961
949
529
128
987
55
793
632
702
804
418
919
823
667
419
625
277
528
228
132
717
709
898
973
543
351
669
866
630
609
876
419
279
117
838
795
743
67
414
253
355
533
40
975
679
675
52
490
504
82
193
665
144
983
434
838
885
697
722
614
160
548
879
447
833
105
593
847
857
455
614
625
956
854
512
242
270
329
994
650
721
522
798
693
554
104
977
149
807
993
565
634
544
843
653
914
874
22
376
48
409
539
598
910
490
424
737
538
674
880
809
928
427
504
937
767
784
746
399
341
44
575
52
737
935
583
298
173
201
538
921
873
514
666
483
742
193
150
932
936
145
897
972
299
783
861
205
958
857
144
632
544
239
902
508
815
106
775
510
989
60
125
344
431
627
518
435
797
984
9
168
906
923
615
639
892
37
194
702
377
743
27
383
600
453
535
313
531
37
938
328
965
260
350
595
234
926
434
238
594
425
679
720
833
86
727
733
240
32
486
385
317
511
18
197
424
657
186
282
889
498
521
694
450
46
791
392
654
922
320
999
999
101
160
222
168
194
805
183
244
377
562
606
308
551
462
769
827
31
597
358
230
746
207
606
934
788
183
720
284
333
712
298
414
583
420
412
930
7
165
778
401
148
131
485
802
410
544
397
436
435
127
387
113
164
79
811
894
535
29
844
726
164
361
549
354
281
289
266
908
912
988
303
209
27
731
376
95
784
905
29
720
389
800
985
9
696
814
677
822
758
347
629
323
234
654
257
150
402
575
651
26
195
956
648
396
24
176
390
37
454
70
564
231
37
706
795
841
828
785
550
52
678
214
291
734
323
975
236
105
664
107
887
551
746
584
650
561
858
384
599
276
94
299
217
343
780
317
57
75
771
948
143
356
769
238
252
38
4
655
739
597
771
282
588
160
285
64
203
935
201
225
128
710
349
212
183
597
746
145
170
210
93
293
566
860
296
217
323
327
25
350
798
447
256
343
201
703
808
1
255
272
694
770
57
530
727
617
37
821
364
154
962
647
165
560
675
67
941
522
375
191
253
328
69
697
775
878
257
501
423
659
26
726
878
483
116
661
16
396
843
740
71
633
27
948
587
918
467
959
258
729
317
5
698
192
458
92
66
866
33
516
893
56
639
882
10
328
524
582
23
316
538
32
929
703
318
686
5
237
807
653
465
786
489
721
376
334
189
730
544
950
446
130
541
286
378
320
968
510
258
881
698
1
360
485
700
142
555
500
609
527
406
394
948
1
895
556
800
178
583
383
749
505
549
375
41
563
304
14
292
406
662
198
746
864
134
394
200
644
722
493
167
787
879
60
899
914
263
106
521
71
282
158
417
301
43
358
494
995
944
993
203
353
545
413
507
436
830
225
558
249
644
149
17
212
655
316
558
381
471
404
426
469
263
996
368
341
546
452
3
14
150
914
197
258
325
577
740
694
799
605
671
488
272
906
695
526
517
74
58
765
798
645
309
366
173
693
612
673
968
121
3
913
605
175
409
426
903
227
534
410
889
175
763
9
717
163
777
544
957
724
821
57
425
709
263
889
515
407
404
641
698
712
407
421
410
119
741
790
975
523
508
705
972
945
684
364
333
695
511
431
76
156
708
692
294
328
823
773
203
145
20
295
342
135
938
385
126
501
747
763
281
72
917
401
970
903
283
828
608
872
291
731
220
697
892
260
710
754
487
526
217
936
247
569
124
146
505
227
904
353
894
492
819
395
615
350
394
288
662
619
878
682
448
540
609
142
418
841
933
602
613
609
247
555
107
837
845
182
935
413
820
709
181
546
137
562
1
930
551
765
497
991
795
450
819
710
695
483
757
152
13
824
739
839
781
425
253
239
679
950
837
132
853
965
228
884
634
65
550
646
993
225
838
372
91
268
859
89
97
293
45
150
232
208
319
969
106
299
311
189
461
934
365
573
579
247
388
825
263
184
682
542
690
43
447
260
459
88
436
813
1000
571
357
225
994
799
153
799
555
734
673
49
357
413
699
53
984
472
201
266
849
816
46
680
364
217
141
191
829
112
46
215
467
128
262
225
887
745
841
690
610
576
633
755
14
522
544
948
456
716
703
432
415
398
58
428
773
177
393
82
421
56
120
336
760
330
637
150
531
606
702
551
49
792
8
171
17
930
825
484
826
282
861
41
955
631
902
279
775
105
998
100
894
741
686
158
728
269
529
578
814
687
148
480
196
64
856
311
537
814
953
22
793
333
779
111
365
404
892
551
155
722
209
912
59
296
324
779
750
100
356
852
109
122
668
12
200
714
139
562
302
91
818
760
887
533
57
105
439
227
309
118
60
699
417
310
493
672
664
774
894
524
224
887
552
163
174
306
552
13
3
351
596
693
513
289
441
572
76
7
840
486
381
14
442
742
41
262
867
978
800
683
193
661
936
46
935
610
314
796
921
236
630
248
236
962
947
723
35
775
236
982
154
622
13
34
212
415
508
163
583
228
673
649
216
801
918
12
886
68
171
838
259
178
124
825
180
149
830
76
822
437
981
584
656
851
506
708
224
87
450
756
344
27
366
964
238
122
724
235
646
959
743
855
940
823
997
556
83
932
969
783
7
31
22
856
639
742
323
431
71
392
20
773
262
656
687
532
215
687
116
424
546
937
401
95
54
527
856
717
100
466
817
227
883
491
881
891
616
658
468
152
836
995
704
453
967
27
265
88
776
538
676
893
338
636
433
30
648
546
763
862
846
629
172
197
347
602
61
886
284
312
790
226
703
646
858
72
376
948
216
167
17
629
453
846
626
983
770
769
819
426
416
860
465
580
565
728
546
564
609
201
664
524
290
973
261
595
110
810
940
990
976
972
5
824
334
949
609
737
578
944
496
868
714
597
466
259
96
874
94
11
220
187
980
187
400
529
656
354
869
17
612
850
911
586
106
91
599
97
921
20
804
393
57
126
59
64
789
425
764
613
571
753
584
968
112
622
126
440
707
850
281
51
621
176
236
422
993
683
242
554
493
167
330
403
802
638
23
792
364
243
202
274
850
645
705
737
298
893
696
928
91
624
567
695
234
408
475
518
193
351
479
252
834
39
893
44
620
280
110
984
518
116
863
39
988
317
526
999
210
776
484
800
746
874
707
324
239
708
257
18
467
335
509
579
737
791
610
441
977
738
99
886
624
510
825
657
177
586
825
335
225
101
821
95
190
697
422
44
738
839
612
749
796
235
548
845
489
430
245
472
49
353
629
983
667
158
292
223
628
267
963
655
88
984
838
363
455
460
524
500
1000
750
326
929
403
630
229
742
648
642
474
569
131
427
745
765
695
721
548
29
136
102
323
728
813
115
11
557
520
154
323
620
40
899
787
144
170
85
540
991
155
763
481
300
440
505
161
534
697
384
13
585
928
610
833
589
479
260
215
370
163
878
329
845
433
402
483
400
904
288
384
151
180
869
727
912
704
680
922
907
907
609
409
789
537
787
971
520
200
33
312
843
128
785
150
148
71
658
718
355
982
640
451
722
412
135
594
97
734
74
822
753
601
331
656
755
154
711
406
608
645
885
230
841
711
510
830
113
628
379
449
965
991
428
402
262
356
408
761
1000
771
559
815
299
566
983
422
306
682
667
968
374
421
980
525
114
886
741
22
62
398
907
400
321
604
403
587
606
865
457
887
492
742
481
181
601
737
676
383
214
276
47
517
333
213
143
764
817
371
236
361
569
965
670
563
162
838
539
619
225
866
631
308
840
151
896
195
763
229
953
492
901
979
883
920
125
894
69
311
894
855
124
168
535
143
41
151
55
732
785
538
648
437
330
134
906
855
278
29
535
341
823
619
303
74
296
286
151
329
295
915
543
65
994
455
732
297
582
750
499
213
607
177
76
709
146
387
317
536
870
247
127
548
401
820
177
543
987
651
224
74
991
535
15
98
384
728
562
215
723
728
179
187
572
437
475
854
692
262
280
189
996
183
968
348
7
580
223
382
617
645
966
714
674
242
977
333
871
589
992
694
1000
700
134
977
920
337
506
57
468
176
313
320
449
493
886
789
834
643
330
615
691
984
472
669
947
741
836
751
819
805
507
913
960
625
404
4
328
364
716
498
126
345
579
502
495
416
321
356
799
584
491
642
730
320
292
273
199
238
145
572
754
782
545
552
89
523
824
389
250
676
209
51
235
640
409
689
704
384
469
428
904
905
327
460
975
622
403
432
201
825
160
199
489
444
668
749
727
323
167
227
575
753
438
155
535
774
136
250
71
641
737
192
956
532
857
646
193
606
501
179
824
10
463
760
855
117
751
611
743
424
12
575
104
687
739
919
281
801
373
32
712
230
810
396
952
680
854
244
36
614
581
487
76
671
861
299
6
959
707
949
710
697
17
432
593
170
809
98
649
135
617
323
382
30
622
894
624
754
887
552
436
851
90
341
158
24
840
390
272
245
151
903
302
413
317
878
695
76
130
436
431
14
815
811
888
100
184
719
713
552
672
975
291
531
112
846
373
628
980
423
111
574
851
803
97
494
765
871
152
328
916
325
406
488
305
728
673
586
947
437
413
57
423
270
731
324
532
254
124
11
615
646
489
691
777
702
744
26
562
376
91
11
118
753
87
623
233
978
328
767
129
270
174
892
955
247
846
439
724
980
792
838
109
28
427
398
611
411
560
797
174
632
403
486
655
648
275
472
424
358
932
42
406
643
897
333
455
948
742
205
186
335
638
187
174
5
135
300
504
49
865
829
378
95
558
324
348
728
228
634
986
934
161
319
743
660
226
126
295
200
75
765
483
657
378
702
868
223
640
401
368
187
991
35
774
760
349
956
793
638
360
739
571
769
132
818
107
243
476
407
524
786
622
97
243
26
287
89
55
331
740
19
27
331
593
584
374
91
526
243
77
278
748
91
495
865
634
843
711
176
90
934
930
703
971
593
671
573
874
756
946
6
337
652
177
289
977
663
546
867
678
372
409
715
31
757
967
128
862
788
793
23
411
833
552
4
416
795
411
55
707
644
231
58
594
943
689
839
702
368
222
111
527
558
821
383
224
635
886
230
286
600
750
967
116
543
168
674
249
95
163
229
661
415
617
321
874
150
388
465
534
959
234
443
457
41
956
791
282
147
434
902
552
409
234
821
368
769
431
211
35
640
487
644
835
695
648
329
371
223
966
910
161
58
971
330
133
427
905
51
384
666
565
740
484
827
89
596
805
524
835
423
197
690
997
524
926
625
250
422
631
73
994
128
252
748
993
782
534
748
635
234
975
969
383
113
449
387
612
498
847
511
625
656
331
25
174
169
642
341
309
645
518
370
317
887
177
474
167
827
750
250
382
991
1
981
889
511
315
162
962
168
83
40
703
244
805
231
435
724
339
13
876
345
989
302
530
157
772
185
749
180
248
955
6
19
118
233
491
641
668
58
341
385
603
112
856
754
233
605
176
43
294
592
813
591
333
713
777
946
881
79
820
699
310
381
272
60
119
496
56
724
725
873
596
54
299
236
334
659
178
499
515
977
48
994
58
96
501
840
928
135
534
342
930
553
477
663
114
774
697
882
552
595
570
48
487
396
837
761
229
661
236
657
1000
105
550
270
87
32
481
577
59
11
392
653
621
160
269
893
241
579
318
616
52
685
447
448
468
542
194
267
364
458
948
590
987
483
595
407
794
148
936
23
995
181
48
201
914
123
470
810
805
282
769
191
537
898
180
829
265
689
197
863
398
459
378
514
667
345
382
518
65
38
811
32
749
687
959
550
48
440
971
249
282
340
315
990
812
855
572
127
883
320
924
724
816
859
338
984
198
479
170
996
248
734
862
59
886
64
511
272
650
48
43
262
318
638
982
233
341
972
475
139
727
555
986
652
849
450
315
360
568
488
531
710
909
297
128
860
325
528
338
14
279
335
582
935
224
174
592
632
544
820
3
386
345
369
195
890
941
529
231
552
300
316
528
569
774
542
278
396
616
661
58
219
931
604
812
389
581
873
186
567
156
9
26
135
124
186
780
525
19
901
109
976
294
497
881
624
164
293
220
134
146
271
855
972
762
947
515
13
643
618
914
778
989
313
353
591
279
174
217
95
597
263
652
662
38
788
102
704
874
657
544
329
166
552
441
139
790
128
998
378
818
312
260
723
583
847
295
282
357
298
408
921
306
116
343
427
282
921
22
212
229
1
558
368
153
36
998
614
180
953
160
921
803
309
57
849
624
973
627
286
647
938
26
41
338
279
976
239
344
658
668
747
255
478
588
620
367
25
1
561
663
303
218
97
490
496
67
118
382
725
693
346
109
508
86
26
253
813
759
620
372
382
574
919
545
560
42
450
691
103
649
966
867
602
546
445
341
398
145
119
604
741
702
552
653
925
284
176
21
735
380
605
284
402
650
473
900
949
844
808
109
962
496
933
870
530
137
39
383
377
911
809
226
590
319
94
474
439
568
883
174
364
935
536
800
218
1000
737
868
406
40
542
845
551
539
798
595
628
45
560
930
447
152
500
384
949
717
683
879
18
671
413
628
895
779
819
484
10
874
118
393
79
200
549
482
490
490
132
876
193
232
654
643
32
915
969
880
24
283
596
500
817
810
664
107
169
977
403
725
209
944
749
590
758
677
272
194
854
20
550
584
605
476
379
918
40
27
633
83
478
628
981
512
426
483
18
333
174
783
90
74
631
659
254
821
998
403
615
370
954
560
708
886
652
442
343
799
541
767
541
558
423
810
261
497
574
526
891
399
475
788
931
663
647
330
56
108
570
72
599
637
465
999
105
982
644
998
248
305
397
270
838
102
201
598
297
596
794
934
35
798
305
102
513
91
22
945
309
717
905
844
849
747
57
340
425
26
422
376
125
287
991
205
882
270
827
217
459
669
978
475
130
973
134
125
835
975
187
945
671
60
287
348
36
936
403
75
342
783
658
804
848
545
785
780
177
131
173
125
698
800
565
231
123
188
779
835
188
826
685
74
788
623
822
150
889
67
204
711
832
237
688
844
578
765
951
258
175
580
983
841
246
101
674
118
672
476
246
202
731
711
746
747
135
370
969
605
326
198
873
609
729
861
359
346
504
872
91
292
663
920
196
501
34
385
157
305
71
236
833
514
19
754
519
943
753
437
227
183
817
990
991
792
482
57
214
239
232
817
234
269
323
674
841
222
196
154
83
881
350
1000
394
234
858
659
922
356
450
724
639
825
283
365
722
398
189
907
232
144
742
31
771
550
632
348
66
563
384
605
897
122
948
674
569
178
179
759
315
21
746
118
876
498
855
887
10
90
465
486
398
504
850
686
507
807
875
920
541
502
37
764
930
747
317
598
950
516
579
18
338
546
74
891
385
47
651
792
2
638
541
51
846
671
945
564
970
662
888
360
999
246
284
782
307
793
469
487
850
229
517
274
351
68
23
382
963
304
355
612
916
555
538
414
983
191
644
519
991
128
299
660
116
706
719
86
223
46
615
528
714
66
306
495
12
73
662
500
207
646
18
954
695
212
557
254
459
491
193
971
953
56
444
124
912
258
57
830
416
20
505
337
902
465
375
288
910
950
78
386
632
98
964
242
426
954
35
175
517
691
